2 0.1836734693877551 0.8131067961165048 0.12244897959183675 0.2378640776699029
2 0.28571428571428575 0.587378640776699 0.12244897959183675 0.2233009708737864
2 0.38775510204081637 0.37621359223300965 0.1306122448979592 0.2378640776699029
2 0.38775510204081637 0.8106796116504854 0.12244897959183675 0.23300970873786406
2 0.489795918367347 0.587378640776699 0.1306122448979592 0.2233009708737864
2 0.49591836734693884 0.15776699029126212 0.12653061224489798 0.2378640776699029
2 0.5959183673469388 0.8155339805825242 0.1306122448979592 0.23300970873786406
2 0.6020408163265306 0.37621359223300965 0.12653061224489798 0.2378640776699029
2 0.7000000000000001 0.5922330097087378 0.11836734693877551 0.2233009708737864
2 0.7959183673469389 0.8155339805825242 0.12244897959183675 0.24271844660194172
