2 0.1688888888888889 0.14444444444444443 0.3377777777777778 0.2088888888888889
2 0.16444444444444445 0.38 0.3288888888888889 0.2088888888888889
2 0.16666666666666666 0.8466666666666667 0.31555555555555553 0.21777777777777776
2 0.1711111111111111 0.6133333333333333 0.31555555555555553 0.20444444444444446
2 0.49777777777777776 0.14444444444444443 0.3288888888888889 0.2088888888888889
2 0.5 0.3844444444444444 0.3244444444444444 0.2088888888888889
2 0.4955555555555556 0.6133333333333333 0.31555555555555553 0.20444444444444446
2 0.4955555555555556 0.8422222222222222 0.31555555555555553 0.2088888888888889
2 0.8311111111111111 0.14888888888888888 0.32 0.2088888888888889
2 0.8311111111111111 0.38222222222222224 0.32 0.20444444444444446
2 0.8311111111111111 0.6133333333333333 0.3111111111111111 0.21333333333333332
2 0.8311111111111111 0.8466666666666667 0.3111111111111111 0.2
