1 0.11776061776061776 0.5644329896907216 0.20463320463320464 0.6649484536082474
1 0.2625482625482626 0.5515463917525774 0.08494208494208494 0.6907216494845361
1 0.3474903474903475 0.5489690721649484 0.08494208494208494 0.6958762886597938
1 0.40733590733590735 0.5618556701030928 0.0501930501930502 0.711340206185567
1 0.4671814671814672 0.5592783505154639 0.07722007722007722 0.6855670103092784
1 0.5868725868725869 0.5618556701030928 0.16988416988416988 0.6701030927835051
1 0.6698841698841699 0.5644329896907216 0.16602316602316602 0.654639175257732
1 0.7895752895752896 0.5515463917525774 0.07335907335907337 0.711340206185567
1 0.8687258687258688 0.5515463917525774 0.08494208494208494 0.7216494845360825
1 0.9555984555984556 0.5257731958762887 0.0888030888030888 0.7938144329896907
