1 0.1111111111111111 0.6022222222222222 0.17777777777777778 0.16444444444444445
1 0.11555555555555555 0.4111111111111111 0.16 0.18222222222222223
1 0.30444444444444446 0.41333333333333333 0.17333333333333334 0.18666666666666668
1 0.30444444444444446 0.6022222222222222 0.17333333333333334 0.16444444444444445
1 0.4955555555555556 0.4111111111111111 0.17333333333333334 0.18222222222222223
1 0.49777777777777776 0.6 0.1688888888888889 0.16
1 0.6888888888888889 0.41333333333333333 0.1688888888888889 0.18666666666666668
1 0.6911111111111111 0.6 0.17333333333333334 0.16
1 0.8822222222222222 0.6 0.17333333333333334 0.16
1 0.8844444444444445 0.4111111111111111 0.1688888888888889 0.18222222222222223
