1 0.10666666666666666 0.28888888888888886 0.21333333333333332 0.24
1 0.10444444444444445 0.5888888888888889 0.2088888888888889 0.23555555555555555
1 0.2911111111111111 0.7577777777777778 0.27111111111111114 0.25333333333333335
1 0.3288888888888889 0.43333333333333335 0.21333333333333332 0.22666666666666666
1 0.5044444444444445 0.24 0.19111111111111112 0.2311111111111111
1 0.5511111111111111 0.5155555555555555 0.19555555555555557 0.24
1 0.6866666666666666 0.7466666666666667 0.26222222222222225 0.2577777777777778
1 0.8 0.4444444444444444 0.17777777777777778 0.24888888888888888
1 0.8222222222222222 0.2088888888888889 0.20444444444444446 0.18666666666666668
1 0.9333333333333333 0.6177777777777778 0.13333333333333333 0.2577777777777778
