3 0.14189189189189189 0.5411764705882353 0.17567567567567569 0.6235294117647059
0 0.13175675675675677 0.1676470588235294 0.08783783783783784 0.14705882352941177
3 0.35135135135135137 0.5588235294117647 0.16891891891891891 0.6235294117647059
0 0.34966216216216217 0.2 0.09797297297297297 0.12941176470588234
3 0.5456081081081081 0.611764705882353 0.13851351351351351 0.5176470588235293
0 0.5405405405405406 0.28823529411764703 0.08783783783783784 0.15294117647058825
3 0.7263513513513514 0.7 0.12162162162162163 0.3529411764705882
0 0.7297297297297298 0.45 0.08108108108108109 0.14705882352941177
3 0.8868243243243243 0.7294117647058823 0.10472972972972974 0.3058823529411765
0 0.8885135135135136 0.5176470588235293 0.08108108108108109 0.16470588235294117
