3 0.10743801652892562 0.8149038461538461 0.19834710743801653 0.34134615384615385
4 0.10537190082644629 0.6322115384615385 0.14462809917355374 0.16826923076923078
3 0.3119834710743802 0.7668269230769231 0.2190082644628099 0.44711538461538464
4 0.29545454545454547 0.5432692307692308 0.14462809917355374 0.15384615384615385
3 0.5082644628099173 0.701923076923077 0.21487603305785125 0.5384615384615385
4 0.5041322314049587 0.4254807692307693 0.14049586776859505 0.13942307692307693
3 0.7045454545454546 0.5817307692307693 0.21074380165289258 0.7403846153846154
4 0.6942148760330579 0.20192307692307693 0.1487603305785124 0.16346153846153846
3 0.8946280991735538 0.5240384615384616 0.1859504132231405 0.8557692307692308
4 0.8946280991735538 0.0889423076923077 0.14462809917355374 0.15865384615384617
