3 0.21777777777777776 0.6177777777777778 0.16 0.35555555555555557
2 0.2088888888888889 0.3977777777777778 0.08888888888888889 0.1288888888888889
3 0.3511111111111111 0.6444444444444445 0.13333333333333333 0.27555555555555555
2 0.3466666666666667 0.4688888888888889 0.07111111111111111 0.13777777777777778
3 0.4666666666666667 0.6888888888888889 0.09777777777777778 0.2222222222222222
2 0.4711111111111111 0.5088888888888888 0.07111111111111111 0.14666666666666667
3 0.5733333333333334 0.6955555555555556 0.09777777777777778 0.2
2 0.5755555555555556 0.5333333333333333 0.07555555555555556 0.13333333333333333
3 0.6711111111111111 0.7088888888888889 0.09777777777777778 0.19111111111111112
2 0.6711111111111111 0.5533333333333333 0.07111111111111111 0.13777777777777778
2 0.7511111111111111 0.5777777777777777 0.07111111111111111 0.14222222222222222
3 0.76 0.7244444444444444 0.08 0.1511111111111111
3 0.84 0.7355555555555555 0.08 0.14666666666666667
2 0.8422222222222222 0.6088888888888889 0.07555555555555556 0.1511111111111111
