3 0.19230769230769232 0.39690721649484534 0.2076923076923077 0.7938144329896907
2 0.18653846153846154 0.8170103092783505 0.09615384615384616 0.06701030927835051
3 0.35384615384615387 0.6056701030927835 0.18461538461538463 0.788659793814433
2 0.3480769230769231 0.18298969072164947 0.10384615384615385 0.04639175257731959
3 0.5076923076923077 0.38917525773195877 0.19230769230769232 0.768041237113402
2 0.5057692307692307 0.7989690721649484 0.09615384615384616 0.041237113402061855
3 0.6711538461538462 0.5927835051546392 0.20384615384615384 0.8144329896907216
2 0.675 0.15721649484536082 0.08846153846153847 0.05670103092783505
3 0.8307692307692308 0.3917525773195876 0.2 0.7835051546391752
2 0.8346153846153846 0.7989690721649484 0.09230769230769231 0.061855670103092786
