3 0.11826347305389222 0.5331125827814569 0.09281437125748504 0.7483443708609272
2 0.11526946107784432 0.1357615894039735 0.04491017964071856 0.033112582781456956
3 0.24550898203592816 0.5496688741721855 0.10179640718562875 0.7284768211920529
2 0.24550898203592816 0.15562913907284767 0.04790419161676647 0.0728476821192053
3 0.3787425149700599 0.5264900662251656 0.11077844311377247 0.7483443708609272
2 0.3787425149700599 0.10927152317880795 0.05089820359281438 0.08609271523178808
3 0.5164670658682635 0.5331125827814569 0.11077844311377247 0.7483443708609272
2 0.5104790419161677 0.1423841059602649 0.04491017964071856 0.0728476821192053
3 0.6482035928143713 0.5 0.11077844311377247 0.7748344370860927
2 0.6437125748502994 0.08278145695364239 0.04790419161676647 0.059602649006622516
3 0.782934131736527 0.5397350993377483 0.11676646706586827 0.695364238410596
2 0.7784431137724551 0.16556291390728478 0.059880239520958084 0.06622516556291391
3 0.9011976047904192 0.5794701986754967 0.08982035928143713 0.6821192052980133
2 0.9041916167664671 0.20860927152317882 0.04790419161676647 0.0728476821192053
