3 0.10443037974683543 0.4552469135802469 0.14978902953586495 0.6944444444444444
2 0.10126582278481011 0.10030864197530864 0.07172995780590717 0.046296296296296294
3 0.2563291139240506 0.4629629629629629 0.14135021097046413 0.691358024691358
2 0.2510548523206751 0.10185185185185185 0.06751054852320675 0.037037037037037035
3 0.4187763713080168 0.45987654320987653 0.1751054852320675 0.691358024691358
2 0.41666666666666663 0.09876543209876543 0.08227848101265822 0.037037037037037035
3 0.5864978902953586 0.4552469135802469 0.15189873417721517 0.6759259259259259
2 0.5833333333333333 0.10185185185185185 0.07383966244725738 0.037037037037037035
3 0.7394514767932489 0.4552469135802469 0.14556962025316456 0.6882716049382716
2 0.7373417721518987 0.10030864197530864 0.06540084388185653 0.033950617283950615
3 0.90084388185654 0.45370370370370366 0.15189873417721517 0.691358024691358
2 0.8976793248945147 0.09722222222222221 0.07383966244725738 0.040123456790123455
