3 0.11286919831223628 0.43802816901408453 0.09493670886075949 0.4028169014084507
3 0.20253164556962022 0.4366197183098592 0.10126582278481011 0.4112676056338028
3 0.28902953586497887 0.44366197183098594 0.10126582278481011 0.4084507042253521
3 0.37763713080168776 0.4394366197183099 0.08860759493670885 0.4169014084507042
3 0.4672995780590717 0.4394366197183099 0.09071729957805906 0.4169014084507042
3 0.5590717299578059 0.44647887323943664 0.0970464135021097 0.4140845070422535
3 0.6476793248945147 0.4394366197183099 0.10126582278481011 0.4112676056338028
3 0.740506329113924 0.44366197183098594 0.10126582278481011 0.4197183098591549
3 0.8333333333333333 0.4422535211267606 0.10548523206751054 0.4281690140845071
3 0.9293248945147679 0.447887323943662 0.10759493670886075 0.4394366197183099
