3 0.16 0.56 0.24888888888888888 0.6933333333333334
3 0.1511111111111111 0.18666666666666668 0.06222222222222222 0.07111111111111111
3 0.3933333333333333 0.6155555555555555 0.19111111111111112 0.5733333333333334
3 0.3933333333333333 0.29555555555555557 0.06666666666666667 0.07555555555555556
3 0.58 0.6555555555555556 0.17333333333333334 0.49333333333333335
3 0.5777777777777777 0.3888888888888889 0.05333333333333333 0.07555555555555556
3 0.7355555555555555 0.6911111111111111 0.1288888888888889 0.40444444444444444
3 0.7355555555555555 0.47333333333333333 0.06666666666666667 0.057777777777777775
3 0.8511111111111112 0.7533333333333333 0.09333333333333334 0.28
3 0.86 0.6 0.04888888888888889 0.044444444444444446
3 0.9444444444444444 0.7577777777777778 0.08444444444444445 0.27111111111111114
3 0.9488888888888889 0.6088888888888889 0.057777777777777775 0.05333333333333333
