4 0.10301507537688442 0.57002457002457 0.20603015075376885 0.08353808353808354
4 0.07872696817420435 0.6855036855036855 0.1574539363484087 0.09336609336609336
4 0.09715242881072027 0.8955773955773956 0.19430485762144054 0.14987714987714987
3 0.2814070351758794 0.35626535626535627 0.5460636515912898 0.343980343980344
4 0.36515912897822445 0.6474201474201474 0.07370184254606366 0.036855036855036855
4 0.47738693467336685 0.5737100737100737 0.24790619765494137 0.09090909090909091
4 0.509212730318258 0.7063882063882063 0.23115577889447236 0.085995085995086
4 0.6532663316582915 0.5245700245700246 0.19430485762144054 0.085995085995086
3 0.7445561139028476 0.36609336609336607 0.37018425460636517 0.2457002457002457
4 0.7671691792294808 0.7702702702702703 0.23450586264656617 0.06142506142506143
4 0.9731993299832497 0.6388206388206388 0.05360134003350084 0.03931203931203931
