4 0.27272727272727276 0.4956140350877193 0.05194805194805195 0.9473684210526315
4 0.3246753246753247 0.4934210526315789 0.045454545454545456 0.9429824561403508
4 0.3733766233766234 0.4956140350877193 0.045454545454545456 0.9385964912280701
4 0.42694805194805197 0.5 0.048701298701298704 0.9385964912280701
4 0.48051948051948057 0.4956140350877193 0.045454545454545456 0.9298245614035088
4 0.5308441558441559 0.4934210526315789 0.04220779220779221 0.9342105263157894
4 0.5844155844155845 0.4956140350877193 0.045454545454545456 0.9385964912280701
4 0.6347402597402598 0.4934210526315789 0.04220779220779221 0.9342105263157894
4 0.6866883116883117 0.4934210526315789 0.048701298701298704 0.9342105263157894
4 0.737012987012987 0.4934210526315789 0.045454545454545456 0.9254385964912281
