4 0.13828125 0.48316831683168315 0.0859375 0.899009900990099
4 0.22812500000000002 0.4801980198019802 0.08125 0.900990099009901
4 0.29765625 0.4633663366336634 0.08281250000000001 0.902970297029703
4 0.38046875 0.4792079207920792 0.08281250000000001 0.9148514851485149
4 0.46406250000000004 0.48415841584158414 0.07500000000000001 0.9445544554455446
4 0.546875 0.4742574257425743 0.053125000000000006 0.9207920792079208
4 0.6179687500000001 0.46732673267326735 0.08281250000000001 0.9346534653465347
4 0.70703125 0.5069306930693069 0.060937500000000006 0.8514851485148515
4 0.7796875000000001 0.5158415841584159 0.06875 0.8574257425742574
4 0.86875 0.5069306930693069 0.07500000000000001 0.8514851485148515
