4 0.095 0.712248322147651 0.19 0.28691275167785235
4 0.135625 0.43288590604026844 0.19125 0.2046979865771812
4 0.165625 0.21308724832214765 0.17125 0.17114093959731544
4 0.34 0.7105704697986577 0.22 0.27684563758389263
4 0.3525 0.43540268456375836 0.19 0.2030201342281879
4 0.38 0.2105704697986577 0.18 0.17953020134228187
4 0.5775 0.4161073825503356 0.195 0.22147651006711408
4 0.5700000000000001 0.19714765100671142 0.17500000000000002 0.17281879194630873
4 0.5975 0.7021812080536912 0.2175 0.2936241610738255
4 0.77 0.18959731543624161 0.17250000000000001 0.15771812080536912
4 0.81 0.40436241610738255 0.19 0.20134228187919462
4 0.854375 0.6870805369127516 0.22625 0.2936241610738255
