4 0.2775974025974026 0.4890350877192982 0.04220779220779221 0.9166666666666666
4 0.32792207792207795 0.4934210526315789 0.03896103896103896 0.9254385964912281
4 0.3798701298701299 0.49780701754385964 0.03896103896103896 0.9342105263157894
4 0.4318181818181818 0.4956140350877193 0.03896103896103896 0.9298245614035088
4 0.4837662337662338 0.4956140350877193 0.03896103896103896 0.9298245614035088
4 0.5340909090909092 0.49122807017543857 0.04220779220779221 0.9210526315789473
4 0.5827922077922079 0.4934210526315789 0.04220779220779221 0.9254385964912281
4 0.637987012987013 0.5043859649122807 0.04220779220779221 0.9473684210526315
4 0.6850649350649352 0.49780701754385964 0.045454545454545456 0.9342105263157894
4 0.7386363636363636 0.5021929824561403 0.04220779220779221 0.9429824561403508
