4 0.06363636363636363 0.1721311475409836 0.12727272727272726 0.3442622950819672
4 0.038181818181818185 0.5382513661202186 0.07636363636363637 0.23497267759562843
4 0.056363636363636366 0.8715846994535519 0.11272727272727273 0.2568306010928962
4 0.21454545454545454 0.4644808743169399 0.17454545454545456 0.39344262295081966
4 0.22545454545454546 0.8469945355191257 0.13818181818181818 0.26229508196721313
4 0.24909090909090909 0.14207650273224043 0.14181818181818182 0.17486338797814208
4 0.48363636363636364 0.22131147540983606 0.23272727272727273 0.3770491803278688
4 0.4672727272727273 0.8387978142076503 0.18545454545454546 0.23497267759562843
4 0.5163636363636364 0.5792349726775956 0.17454545454545456 0.17486338797814208
4 0.7127272727272728 0.8005464480874317 0.23272727272727273 0.2786885245901639
4 0.6963636363636364 0.43169398907103823 0.15636363636363637 0.16393442622950818
4 0.8527272727272728 0.18579234972677597 0.18545454545454546 0.31693989071038253
4 0.8781818181818182 0.5409836065573771 0.14181818181818182 0.26229508196721313
4 0.9490909090909091 0.8524590163934426 0.10181818181818182 0.29508196721311475
