4 0.10534124629080119 0.6075 0.1394658753709199 0.785
4 0.1884272997032641 0.6133333333333334 0.06824925816023739 0.7733333333333334
4 0.29080118694362017 0.6033333333333334 0.12462908011869436 0.7933333333333333
4 0.3931750741839763 0.6025 0.12759643916913946 0.775
4 0.4732937685459941 0.6000000000000001 0.09792284866468844 0.76
4 0.5712166172106825 0.5958333333333333 0.10979228486646884 0.7483333333333334
4 0.6543026706231454 0.5950000000000001 0.10385756676557864 0.7466666666666667
4 0.7492581602373888 0.5983333333333334 0.09198813056379822 0.7266666666666667
4 0.8353115727002968 0.6033333333333334 0.09792284866468844 0.7266666666666667
4 0.9287833827893175 0.5916666666666667 0.10682492581602374 0.68
